0 0.308668 0.521285 0.039961 0.057486
0 0.495949 0.628722 0.062164 0.102194
0 0.375234 0.519028 0.047344 0.053611
0 0.370207 0.587653 0.048336 0.076750
0 0.532402 0.585201 0.057133 0.068486
0 0.886234 0.930417 0.173625 0.139167
0 0.418945 0.435556 0.038984 0.037222
0 0.597602 0.826569 0.094047 0.139778
0 0.766156 0.642278 0.077375 0.085111
0 0.920125 0.651618 0.100234 0.102764
0 0.703902 0.503556 0.056852 0.056694
0 0.628617 0.510549 0.052250 0.047597
0 0.650879 0.573160 0.051320 0.038792
0 0.467348 0.438743 0.040352 0.050375
0 0.544996 0.502125 0.044727 0.050056
0 0.657918 0.699174 0.088586 0.113542
0 0.401004 0.677424 0.060992 0.114903
0 0.443539 0.502944 0.049437 0.066778
0 0.352504 0.413264 0.024742 0.037472
0 0.693453 0.502632 0.035781 0.050653
0 0.257070 0.480278 0.036641 0.046667
