0 0.663164 0.517354 0.053672 0.054153
0 0.273965 0.839493 0.085648 0.135764
0 0.507133 0.464465 0.040359 0.037986
0 0.423809 0.421687 0.037070 0.034153
0 0.382117 0.624201 0.050766 0.077236
0 0.239656 0.521167 0.040266 0.063167
0 0.307414 0.529340 0.047016 0.072653
0 0.985582 0.636264 0.028383 0.087583
0 0.340688 0.409528 0.030812 0.023722
0 0.252937 0.402222 0.030719 0.030556
0 0.345449 0.489514 0.041961 0.044528
0 0.296664 0.465236 0.044891 0.048417
0 0.568875 0.445535 0.040578 0.034792
0 0.562195 0.487986 0.048266 0.048750
0 0.596871 0.642299 0.073602 0.092764
0 0.434809 0.899444 0.095836 0.201111
0 0.633090 0.560424 0.050711 0.052792
0 0.829980 0.613681 0.073086 0.069861
0 0.855949 0.942514 0.112789 0.108250
0 0.864039 0.710333 0.103953 0.093500
0 0.334277 0.430625 0.031586 0.029306
