0 0.654141 0.520583 0.051875 0.035056
0 0.368691 0.510861 0.047539 0.056333
0 0.394969 0.691528 0.061656 0.093444
0 0.744055 0.559569 0.057641 0.054778
0 0.732734 0.621396 0.072969 0.074458
0 0.203906 0.484514 0.038594 0.057917
0 0.866848 0.720812 0.096039 0.097514
0 0.620637 0.550562 0.052273 0.055542
0 0.267316 0.539250 0.040164 0.069194
0 0.502387 0.554028 0.049195 0.056472
0 0.240484 0.466326 0.041906 0.049708
0 0.779273 0.545604 0.044672 0.039958
0 0.289469 0.501903 0.037484 0.041806
0 0.560852 0.510090 0.048672 0.048569
