0 0.591023 0.523118 0.037328 0.045514
0 0.718422 0.604090 0.064609 0.080347
0 0.482926 0.471910 0.041492 0.029542
0 0.482594 0.439188 0.040453 0.031625
0 0.455914 0.589556 0.057922 0.075056
0 0.529219 0.726479 0.068359 0.103097
0 0.276172 0.604681 0.045312 0.076667
0 0.345746 0.492007 0.045852 0.052653
0 0.265363 0.483194 0.042711 0.046806
0 0.373937 0.439806 0.035562 0.031417
0 0.575605 0.480167 0.052039 0.051056
0 0.613719 0.476444 0.036594 0.034639
0 0.306184 0.413299 0.020102 0.019597
0 0.850078 0.562396 0.061766 0.079153
0 0.785410 0.561993 0.099039 0.095264
0 0.386320 0.626479 0.060344 0.094069
