0 0.282715 0.652715 0.056102 0.099875
0 0.456875 0.470583 0.046094 0.041444
0 0.323359 0.526826 0.047531 0.068931
0 0.485961 0.455340 0.033984 0.020431
0 0.316781 0.477757 0.048312 0.030681
0 0.383957 0.484965 0.044617 0.046931
0 0.263066 0.548312 0.044367 0.067042
0 0.615039 0.501958 0.052422 0.048222
0 0.621102 0.449118 0.049797 0.037681
0 0.825617 0.553174 0.072453 0.071042
0 0.765852 0.602361 0.068687 0.075500
0 0.559059 0.775174 0.082117 0.124764
0 0.835090 0.689382 0.090305 0.084542
0 0.555629 0.460847 0.035242 0.038972
0 0.502848 0.649896 0.069930 0.107847
0 0.245195 0.468882 0.037844 0.045958
0 0.352063 0.438153 0.024984 0.019639
0 0.396699 0.429840 0.020930 0.020986
